header: 
  seq: 597079
  stamp: 
    secs: 5971
    nsecs:  67000000
  frame_id: ''
name: [l_wheel_joint, r_wheel_joint, torso_lift_joint, bellows_joint, head_pan_joint, head_tilt_joint, shoulder_pan_joint, shoulder_lift_joint, upperarm_roll_joint, elbow_flex_joint, forearm_roll_joint, wrist_flex_joint, wrist_roll_joint, l_gripper_finger_joint, r_gripper_finger_joint]
position: [-2.9350182189862437, -2.0448699631835403, -2.4262261725699223e-07, 0.006639131398188292, 2.4970660359890928e-05, 0.0024062739441355063, -1.5700053963186962, 0.9000172477334623, -1.5705152118381989, -0.99998706460185, 0.0031763625344316537, 6.814209774219648e-05, 0.001977877698351449, 0.049728690660389985, 0.049986788521925736]
velocity: [0.00014115809436015308, 3.4933411926835116e-05, 0.00014435297640386395, 0.0002416013261270575, -0.00041119011207670444, 0.001473732424016222, -5.7935566771254386e-05, -0.001711314907851156, -0.004446380510791357, -0.0023477704447398525, 0.10929634825026946, 0.003402833097593919, -0.10613389038586833, -0.01073179164676462, -0.007080615679144978]
effort: [0.0, 0.0, 0.0, -1.6658532105273576, 0.0007224975827138452, -0.07660941559627374, 0.10027556610896994, -29.71559189829528, 12.764228842567224, -14.438122482102651, -29.35, -4.793837044424163, 7.36, 10.25809786153575, 9.74190213846425]
