header: 
  seq: 314756
  stamp: 
    secs: 3147
    nsecs: 837000000
  frame_id: ''
name: [l_wheel_joint, r_wheel_joint, torso_lift_joint, bellows_joint, head_pan_joint, head_tilt_joint, shoulder_pan_joint, shoulder_lift_joint, upperarm_roll_joint, elbow_flex_joint, forearm_roll_joint, wrist_flex_joint, wrist_roll_joint, l_gripper_finger_joint, r_gripper_finger_joint]
position: [-2.976870895020056, -2.034475881045524, -1.6260409222452145e-06, 0.006637232412936705, -2.7413651261021243e-05, 0.002390471896791979, 1.5699877978684134, 0.8000283595298274, 1.5705898478585079, -0.9999309961642373, 0.0011195062649749232, -1.7606165129357976e-05, -0.0021552422122939063, 0.0500000453610038, 0.049721344690841725]
velocity: [1.6716939590457644e-05, -1.7718460962271628e-05, 0.0001613715581524487, 0.00030307731021829047, 0.00014449251951347312, -0.0012078345271154412, 0.0002609750921229417, -0.0005162338521383625, 0.0037348294880253105, 0.002873175364263048, -0.10868431830146214, -0.004158177218734299, 0.10507144206427657, -0.006700918254207693, -0.011052835181488046]
effort: [0.0, 0.0, 0.0, -1.6670882911049765, -0.00017933043398286126, -0.06809065332257293, -0.10977623178343274, -33.54471786310777, -14.297858009806909, -16.137478384070352, 29.35, -1.7199607021073937, -7.36, 9.721299329837922, 10.278700670162078]
